-44.742554002721704 45.7894276464979
7.657722875187858 41.729147734033816
-46.89496896059965 44.999379318167556
7.23202671192729 40.570124547486074
41.23964849161203 -34.99749357891674
-44.63959964539747 -45.73746704427797
36.0505598918877 15.40660409025081
-15.691275146775418 -10.848762368976494
-40.56671090473453 18.628885138210705
-44.441192512539864 23.94150792049915
16.137841799309754 -22.974047457309645
42.83793040547957 30.395348548020337
21.171009542297767 44.60795106278607
31.6243978263399 34.58501352228808
2.5145182453176744 15.959415108271031
23.67587499348359 19.88841133331634
45.238510000214944 -46.41184612321611
-40.031113276223884 -23.388849976304993
-26.639992480292662 26.680740919765668
14.903835496628375 -49.231441737862426
-19.50793327849889 8.028023694641576
25.80747934862984 47.153800220611245
-24.2058565441166 -19.19658615975761
27.56364126123465 -49.31144399605171
-25.341781710130572 8.037273838897306
-48.67100665603946 17.071406284661634
-42.0702196012724 -40.77559312344992
8.047937431026256 -39.04619120896019
20.812610316628508 40.246199377956216
-9.959661911418948 -19.991087356217164
3.3312325793288906 2.4924715367307115
44.73312425251717 37.78291833066572
3.9645404500305403 6.174950985115046
20.86024393817233 -25.42795795404342
37.83259631423141 -21.197975491862053
36.71507626846983 -15.16063290542673
32.48375588985826 35.823395584416446
36.35048877682874 22.39711991705498
7.594395427424303 27.275738289278834
48.154958578473185 21.833226488398367
36.83464318947706 8.117276175345346
-22.367055504417877 -24.341775860828463
-18.70441235708412 -14.229909819333855
-6.632457785687038 -6.938252617740979
-11.256071266027867 42.60286340783746
-18.450195348615694 25.501794917641277
17.251579153210187 -4.08439403151467
-49.601611442389206 -9.979893011101993
0.5775976521670145 -34.41877366043268
31.361146065686313 -47.75701493335608
-2.164149438683694 33.1690073077372
18.158384950716425 -33.85789929433693
46.27864350545666 -1.9628229010918545
-39.71734418460764 -11.092796157795078
3.946225140444618 46.235479136922024
9.076609889475343 -46.26536936011312
36.93054098210821 -25.73114342113614
38.326379077533645 -47.518151035872826
-42.3119271158479 29.95166977046098
-6.920886684255869 33.4373411776394
-37.45662748000043 2.943622177120197
3.4469120180596775 21.697677455320203
-25.332946730156614 2.2582769937642198
24.693907054528125 46.103018054660666
-18.159754031601917 24.100238785527367
-45.576904244783876 35.66888898579121
18.94847337119168 -13.195796150308972
29.12021305582637 -46.266726808428785
27.987243011090285 46.45734701580025
18.820354105098602 0.3556690835851555
19.441531291492538 -32.449761963869165
36.94114690107831 -32.804964179246596
-48.046145230207024 -46.12481227900268
-32.40034643596997 -26.36148066319327
39.47872741518688 -7.004021916175439
-8.000790190498797 -30.879940529721516
-8.239544095904982 -3.584771492870246
29.896830969347207 -46.378227379505354
0.244366166348172 -4.157494104436424
29.796580430522113 -46.84298104547923
-38.75216947358936 1.5664744242171125
4.1945787914990476 35.494844007107915
-43.07777003235973 -38.63522001525222
-1.9553948031544337 -22.580891273271874
24.900411996199878 -46.17368382464237
-28.580707867475887 -40.21696125013446
30.047550310058497 -33.99162282191594
-40.12914533291428 -37.52523992017331
1.5609243333707639 24.426827230439926
-43.195626749749565 46.870341624595895
-43.57777898295044 44.52812686597679
-24.99080828732766 35.16319506502718
7.196461701938247 -33.66784720615148
20.58977124168024 -11.372924600279347
23.436385395956478 -39.520813823732226
-21.309057002466258 21.576162807374175
-17.27197520462923 -7.198055379162952
30.029369192762772 -7.635828154135972
34.15354659301279 -48.050864926028545
27.28239842624319 32.50272502617655
0.1543560262245336 -18.55875250172848
-39.29466598913839 -21.86196725345195
14.070120844471603 46.21132472826463
49.35406684456942 -14.6113123037373
17.414541252866698 -48.07533773871931
-15.96531086699472 14.278653111913528
10.516700678447279 -35.05558094288629
13.17204022380205 -6.739843922454725
-46.51649779301207 46.67300062630473
-23.19553576493919 18.130763795113495
-14.396176450571154 -31.000605569632135
-43.887343567952286 -3.3633530392877447
-8.010838847024758 -9.164429288494155
16.228823289239784 2.1008375036977753
36.844189994732716 -40.511860652470475
-29.269401580736155 16.10210958592033
-48.14216387977082 1.2960679236107424
38.708733996831526 -49.16549778763674
-34.678285185838206 26.281544417583888
45.08187354978506 41.422074786302986
-22.499313094824135 27.985706649259185
13.868942185791688 36.59505443123072
-46.99549730252852 -20.7141775510965
-16.488186748957503 6.305063112729712
-17.76049623946019 -36.975289541290955
32.269731959116356 30.923290921464826
15.685163441703395 -45.91917076583448
-40.40902231887742 -44.7013894018336
36.01903338185973 -20.543769606720407
-24.37162200082843 26.278713546883793
-37.398255526751996 -17.032299259953035
-4.044446260802005 32.3794891064241
-5.398426089443809 16.415658716622275
-20.992187051574483 -41.76577225040184
17.966849425810793 -16.932088550777877
-18.777287568585834 -45.6387420811698
34.32408614893991 -6.353073854136646
11.895947732763943 -6.437339118682296
2.276667294150471 1.1178454628758914
-47.61699223898487 46.12683629586115
20.749407102017997 39.37367886063326
35.68048547249009 13.807354835475408
19.43714670398461 -40.91076810334212
20.054061918558716 15.083974736223382
19.475861889327405 1.9782662309467014
-29.036616642891577 -26.637426165762278
12.629024263631152 18.206262079268612
-23.94855800576857 0.38866289574556134
8.030923087763654 -18.405724745661225
9.794711777894705 -2.219399691058264
39.69407516689107 -5.155420812232393
13.837134557453325 11.667473734611669
14.28150303658208 -24.233935088000756
-4.178263877627252 -11.860203014269622
15.388210885290547 31.12541951428352
-16.7675154626847 -1.3625349053179008
-4.216149872063667 38.13797194964859
-16.684113821076743 -15.815430013363255
41.260044022140235 29.164354949669658
15.367113214119215 16.10639987866358
28.655403816628805 25.588589069315148
-17.784612689499646 -38.356301518723086
-46.942156655916236 3.338456337062098
6.452213451607513 23.02272726643541
8.538434432444738 28.788170135859474
-39.05584552307939 30.291006468967723
23.590822598012963 48.01311462723706
-33.52464630103995 -46.81045625639152
-47.65654966506732 -29.62830830077634
15.374474457077682 3.20026845263439
-11.029950925227197 2.800051843058114
-35.02923697818391 19.859538715867004
38.12295937409941 25.313389134413683
-39.100693448791915 -16.190075238509195
-22.26991061922412 -22.41740917557817
-17.43259412762834 25.295769010582774
-20.854302425145566 46.061780598885534
-16.143578017601335 3.32752236559255
-24.75171378272635 31.30820957414815
-42.725873308638484 -12.34973212690268
-6.677375901833429 47.24828227025209
-28.68854975394266 27.48550862467323
-27.016446931882186 21.85207519585836
44.10404407715605 14.611518971650028
-34.11829543919897 4.7716784922696505
-35.00097593649396 -48.09921179029632
12.006566594395537 -28.0152072778309
14.03448782733173 17.326644122593166
-5.66391161662748 49.64573832541093
43.78362317958981 7.931135255803412
39.39906696698314 46.184111749197314
2.0229539849181535 23.08508265577788
35.719619647166795 38.62464795580995
37.00654278515985 18.397950874242113
7.645639524950056 -25.248812134304178
-29.62798771879045 39.36540974276147
-9.881060874008995 5.799361682624706
35.66061339358794 -35.1075838221687
4.661859259664006 7.581912115671926
-45.22778578079152 -39.532255368976024
21.66311948241099 -2.1160456860960437
-9.413851591632707 28.165408606970516
-41.899296494225624 -25.873109676595075
-46.05427830741336 17.926801955846628
49.358971176216 47.38491636318125
24.134704152833038 13.324933374128555
-16.630704033548405 -31.48187018207348
20.91334851313124 49.4484162024594
17.25997350889 -44.40822652123113
15.36204379587656 41.2955325417381
-39.155623444586155 -9.23892765989207
5.852070911386598 31.40863628064163
23.66460631992379 16.436079190039308
-40.74450944583248 -34.66424032871846
-46.94363595309458 42.609827730734054
21.053105405065452 28.314091821559387
-31.58956258493937 48.65208048269419
-48.303791672938225 -29.183559123724343
9.215063938239489 -36.940701834364944
30.30055562652177 -3.2553125046078577
19.56027501708131 -6.020985615827421
-35.56484258385106 -44.637759391180786
-6.7577307699256295 -9.691589019801775
12.788433153765347 -38.9471547404445
-9.624881568863373 -9.347226078132579
38.58069849890093 -44.447566073756974
24.47651236215772 -42.10490148880102
36.43168724160114 -34.312269364196055
-1.3802398266762452 39.40777600579027
6.281595044611045 18.700385056634033
38.61161451013436 24.443768463963295
-4.5365059517585 7.019351171492218
35.23441269191569 -35.47076530255223
1.4904294180168165 47.33337213865828
-20.95041526136341 -36.80880174653785
11.322393872624424 -3.574106338467054
32.826075083615805 -49.045487213752196
27.003296780284785 16.169356829466196
-26.67769170154939 16.461056741222663
-15.972430731693578 33.826933195353874
49.964431906635625 -35.521497288436535
-34.482758200945 -42.720049492523636
-5.050948695976118 3.5787088893217245
4.977579918673889 -4.777301686585659
-40.19612477408151 -29.021925857687037
-7.5370241276820025 34.10568816030022
-40.85365004631758 -18.418089278945605
-45.87200463023589 40.12291958457985
28.9562966893224 -47.274392527963016
48.008071920630286 49.70064930519872
-47.880743894913856 7.400315721466853
-28.527444999806562 -6.066065802385381
17.957294643651167 -11.68057193133103
0.04494037901607584 45.03968150716511
8.636226589455873 -23.741243468017736
-10.909185376061615 -13.294901737608896
-20.39764173105665 14.498335700335588
36.45376063877133 -28.16348397906957
-20.22160356754139 5.968116243523326
42.019209068044006 45.35894376211445
-5.537445374209248 11.018261785003638
30.228131072116895 4.62253392308326
3.1744911522929797 1.872441425932692
36.05757415587452 30.252160183570894
-7.685776882236041 46.31674945530388
31.33120977458259 5.515058869058784
-39.04697037527691 9.265742613897054
-28.168941429584436 -27.531738778188718
17.8835947247791 -36.01970638086161
21.247470415454586 -12.895902212330427
23.674288783867354 -33.99776956125462
39.0522135641484 -25.561537132530464
26.89273419009038 15.709541200271772
-32.878537243879805 -39.55723924029998
36.10888620373609 -36.33413699154565
8.103081201082617 -48.30010099214688
10.971251400614804 -26.603087933025492
-48.82223890116732 44.937051549361456
-43.34577529405404 -26.52962431595043
-7.308564987346664 46.876130518201336
-43.418849981629634 -49.8010244843179
2.919941928440842 39.31710152796899
46.331214461289605 4.642663214604305
48.53124938305349 3.4360050378763987
-18.35277673256346 -47.97434028949501
-48.255096877787174 36.96718634500289
-7.23482591176878 27.191089633498237
-19.2325363308826 13.551474428957512
36.30739266081032 24.754228881934523
37.890738342417535 -2.423632462561706
-45.68851387653466 33.80899893274953
-46.077559527118986 -3.4186235751899474
-8.925052169370794 -20.03516081120702
-33.647432958341504 -46.902152048969135
23.517380062882083 18.20242047872243
29.502243726999197 1.2667094182213106
-17.767138873524324 -24.206101958217772
-24.406608515476858 -37.930355800844154
48.48128258676962 -17.874614681230028
41.10564056713797 20.87989792111533
-44.15425828653855 -18.665422745981953
5.404819978232112 -38.14487397025725
47.032246956772696 43.38312935429326
-49.3344987546467 15.849644920898172
-5.436317546859307 -35.98863912899279
-34.43409096908243 -42.251380231879864
-32.50031595014231 8.391743729833912
20.252984483035604 23.946151399671578
15.711979029646486 2.223724174140699
18.16674393366388 -33.59387893812104
-29.751245239202497 -13.298453900930006
-0.32673332575627967 -28.765881253262805
15.015532571949038 -33.30158087685997
32.13218588272436 26.547318359799604
-15.774140218255702 10.981492427414196
-40.5108580880702 22.837049336423945
5.263723797660788 -36.45720000302069
24.814230250015058 -6.263543013505966
9.850733842578904 -17.18991234611962
-4.387892369661152 -22.500678634545967
25.007432898111148 -49.115155555509126
32.454848670283496 47.88576699368137
-2.150798650686639 -9.54997670476375
3.55427103067408 11.132779277282204
-11.969530417933463 -22.592053498798904
38.7410940629577 13.785883220820118
38.844467348697435 -17.232922390345998
1.2006213730407893 -29.916383962128823
37.29653945993135 10.92950340089159
10.334051224847762 40.44689780405062
19.621606305363073 -25.981304146351004
-7.150732753317413 -49.85881992663247
-46.84101324170453 24.400873723502457
-36.539526868094875 -37.32845459432114
-5.5856789593999 -48.4556067578993
-28.045768177213716 -41.86803093699386
-46.4208626389122 41.90047032776627
-45.33091880474501 -16.50532832467269
-20.99622004475661 -49.003105240100034
-8.940292159411321 -28.403206283096615
34.95204284447216 -11.664113850543323
-26.595877352580143 -18.738614780645445
-23.078722915011042 11.71480249910821
22.27889750746482 16.86364156562084
12.382602434314926 -43.60755106977366
-48.81331365764825 -19.805957554774956
21.72656149841133 32.21759819611452
-3.9229589648865044 -22.937698739762226
-3.610259575747179 -31.848621398906996
-27.800068255609357 33.69741984813356
26.997301821688907 12.82055688596322
-30.459398867293242 -30.500534728543848
24.805886886603957 -20.9404408928036
-33.471836623604744 -23.584038547240183
27.520751987947534 12.290627168239773
2.3847596251973187 4.473832183950989
-1.673656962251826 -20.169532810557588
43.90473779258201 39.68284421304402
-17.565671712621103 26.71965532542852
16.948188116188163 -39.16228686342574
47.750007523432615 32.13580041137996
-43.97506790444089 -25.314942225912805
-18.517835626716305 -28.690891555671485
25.180311608150518 -42.64697800808159
-1.2218031253046107 -3.7778575205514286
44.44988165344074 -8.858758396111973
-2.6017372299742902 39.10437820219515
0.7042977384844136 -32.896687576410834
-0.30474862953996507 -7.245014369019344
45.4797001556782 -22.9230780867979
32.269102219232394 -29.404903240200643
42.27406825692927 -33.23469008793285
37.256700316849205 48.31789591990827
-25.74857364638481 -39.425929011655384
12.902960766572647 -22.34161012485082
23.682403222142028 -19.07023807993441
-15.368341086309535 -3.5217723765397864
11.21467075701382 31.225565553184637
-19.76264460577338 20.389879473763656
11.603827353902574 -20.408872156611903
-37.20397905038316 18.51997967461223
29.123604391662823 37.806308684762286
14.381679664685137 49.690302436097895
-31.522766283300484 -32.58543188788009
-20.82017686874379 -38.04823797923784
-19.162352603965537 44.34477508315857
-48.58713138667212 -13.408635524332915
-0.46852613171905233 -44.03313931269928
-36.22899187279547 48.10516036484515
-8.969522359465799 44.34056108340101
-22.155530797025225 10.59184132480118
-0.7328703073934264 -42.70371415423644
6.454208494864908 -35.95022131993548
12.586255463724918 -34.73333526782527
30.308278193782826 45.41689088790356
-25.54939982305966 12.953158156611032
-4.449798885375081 -14.580776775173177
-46.28221986357898 10.546216466167465
-29.656146427663977 -4.988611679791518
-46.52598787839226 17.910563702202495
-37.94554885810773 -27.58657714938002
-7.718501258203403 -38.15547008655427
28.468485444583308 -31.413361531963567
-27.919639558069697 7.261601777697813
21.86866714355837 -43.39066091176703
-44.64651316261998 37.861274856564194
-5.689262883924563 43.10543496248644
35.91207464231998 26.078262710423573
31.86839618246192 -43.324390887701036
-0.15378227466518268 -14.908479354635695
-10.495991311203625 -47.651544285009365
-43.26511864657808 -2.7842848942023295
-21.373908539510012 4.294700760791706
-25.436601974171257 -29.495398295765884
-35.72960658284635 -5.578981850356492
-23.12672291122023 20.313863245388674
-32.98847122227701 -33.6756742625566
-16.56456003056249 -46.94358259591769
0.45508496331392223 49.9956905290494
31.611631115634978 17.98908418548939
-6.266733074360268 -40.07159249893863
3.595135758165533 -44.7266196909173
34.08399559215678 -30.095911598932446
-40.31060193218514 43.386900036834646
10.745534297244816 2.5887642050477524
12.982890785918457 17.196422743423696
-11.423543339057133 34.68726088491837
1.0936705142730503 1.9368662258915634
-35.39201852377529 -42.56161316006937
-1.339383525617734 45.983117805868375
-34.278834525123784 38.62789101208388
21.042111872688636 -18.04334469603711
1.7894018700034025 13.180863759140216
41.871860266657194 -15.76479229421819
-20.414584299075635 14.106144292063405
-24.559745773153765 27.54763868695936
-28.2463094220586 -43.152381577764665
21.53756861446263 21.64704560601949
-37.19326699538742 -46.04824519953938
19.8767492230931 3.437076142626914
-32.91822267364948 -30.481608418188145
43.547466911642914 -33.931436416472565
25.987846355063013 -30.629888613199864
-8.370602629735146 -39.85742759685735
-30.385752680336374 -0.3649599528170242
17.69061734158558 -44.56560082398751
-14.037845656856284 46.724832336876375
30.429200543832863 17.645800627362988
23.662963863618586 -10.189606732885437
36.955875396527844 -7.7518386480223995
-24.13646406234352 22.68773810884312
18.248047846547053 49.08143028897902
44.91501639028388 41.348192220349006
19.23325275438414 -17.73910468404928
10.009452719943887 17.997266798884255
-47.42364772456094 -19.95844507469774
-42.22623060289775 24.754348113350545
-30.69326414935194 -37.07722891787883
11.35804415549012 36.79817757457516
-6.536082294439694 -40.2248098204119
28.766314034364996 5.424456575975498
41.459513043351905 -41.8177355747982
-36.723033722756746 16.124464879637785
-29.099534750674206 -6.25969369792999
-41.4086785733972 39.43316688669711
39.87811212150763 34.8459310576185
23.558832375955348 -42.05553619929632
20.622385556711805 9.091421489724304
18.06654194097858 39.48183197092668
13.721805778261277 -49.144822334741455
17.17771806552348 -1.2597014560232012
-34.95941639301119 -29.92384864761477
-9.74544197728818 15.078838323559353
25.10796391110486 23.045069666353754
18.14942197404787 46.38163380931205
-7.896346568663127 -45.10611646182052
3.2714020362690235 33.71654855707351
21.525861842992924 48.00133710047446
-44.111561725133754 -33.58568794799677
-40.20189573354681 -12.5624338128317
-0.26524425222307 -11.293664914673776
-9.081593499190753 -2.4375068708403873
-34.74236342491758 -49.728512382003466
-38.93321036935312 -32.3772256172397
10.465004716445968 -8.109669489866064
-11.433845889638008 0.08894494669778652
34.606409806129804 21.796959250351875
-48.17126166236086 -41.921584206282134
42.44806402527411 31.5249572724927
30.866882527721657 -42.00468182145539
-24.81499996749349 -22.6889210499596
-9.237269648537627 40.49963616167783
1.8605957904848296 42.29318395591618
-3.2917344976676333 7.69209917874646
45.03243933022057 48.75715093518377
14.772168620431344 -36.60277355601029
-40.38277712952949 17.031744456206
-11.17796750364851 -8.303516860945805
-42.82299411225941 -38.75888767924951
42.34783524482248 -1.8265816066930682
35.83035727024628 7.827934436131315
-2.0972497522390725 -45.15867770738002
-48.96110436548453 48.981692046393704
31.816522013787235 -44.04995138570889
13.218973704756344 -44.21219824828954
1.6847218208599557 16.44512641517926
-46.05734289094647 -7.972369445259275
-10.925897495447302 45.535704536185975
-29.237778575231367 25.93717385499214
29.299166542863276 34.77019479104223
-42.1918005145786 48.350853314424526
41.11079035201021 20.376018215948548
21.291413210883846 24.201077977248957
-46.40288548124355 49.261614044674545
-0.9781704658971861 -31.273352721176018
45.05373881357188 1.6126940517853328
-25.73104078382913 -49.36104455614824
15.650713450885377 10.068850117511033
21.89866970003503 -4.700053313656348
21.890978846637694 -11.915764206083942
3.7096126685260984 38.09849870523237
-27.776290294752883 -44.82307118679416
30.997869276516255 -8.860058985749639
10.139206112986713 1.059782936727558
-26.749942490683488 -29.94385986978838
11.30327768043633 -22.285988132791612
-49.66339713469057 16.35238960045352
-22.22199269518522 -49.80483394263801
21.243794170978973 48.916442003154145
6.05914913372969 45.99496730141287
-8.401193316852108 -21.566741185707873
-45.17343155128985 -37.07799666197995
-43.076252680159776 20.601874905775603
-40.46365144001936 5.327083684703247
-25.256191587597897 15.12947935099865
0.30234121189305085 33.3463355002159
32.34122723366555 -25.73953132987089
-49.34420119661866 49.16650440124985
29.870665906355867 -7.254548375013556
-40.03921473802926 9.629995554241773
43.309361881090126 27.59671185368896
-6.3061101968720195 -23.552635406275037
6.069762964792034 -12.376600448866306
-5.285489650080322 46.205502753431276
22.325281335752024 10.811014365534476
-33.53224387100124 26.12271465761451
13.684113008985769 25.93674910472855
-2.4234396635736033 48.718002572475726
-1.6879279060227645 -12.988848951776411
42.354870129747084 -9.340875435246645
-32.69720762772383 -8.16090813458461
-14.655940157622219 28.112456303961622
38.66470416632497 39.596147495678906
-6.0241409654819975 -49.12930527116549
-17.06452352652572 37.39412047330137
48.82288847780937 8.849979126480058
-15.673588131809254 21.761216050837874
37.60454399547977 -19.037711194453866
-44.06358118901854 -0.904458836318625
13.932651946649479 -42.60579641519695
24.527888791993007 8.400571026371061
21.450297767127736 -29.285810882250896
5.5479395839647765 48.551553303053794
-49.893689711015114 26.486972600817865
-40.37539511046572 -44.482838959221425
-41.29839449676752 2.8738819998883187
36.17259004288917 -20.51054951385224
7.556104035796132 47.40762474059336
44.52784389442681 -4.457883106123418
-14.36356038263439 -23.325740288159224
-44.394716510054636 -6.821831822570282
28.54448494177055 -14.041340956498047
26.190385376782558 -17.548581427069998
-37.17902219359324 24.2191739728721
36.294001477319256 -37.0209015130911
-11.350575104830831 -46.49124774678657
43.44139643556332 -6.803357033440562
-24.099864478006662 42.83339052152557
7.168794782428776 16.15607772249274
-0.2838607402131572 -45.76498371356408
-3.6590740643134296 24.044658824246483
-27.149273455750034 46.0015115153205
-22.09781681005747 45.3054788986787
3.5891312886581304 42.02708069943243
33.69692376770098 -34.481329804816916
-7.5909391886509 -46.20824634937567
-28.4485141437806 -7.2415533696532535
0.8885570900953752 41.39359375496336
20.271628362229038 -31.3915978692765
-40.963158693238135 -1.9685707788965203
-9.507809561740203 8.516242441388933
32.430016328819306 42.425812807120835
-29.747309398744836 16.0631001848042
-1.4965981670905109 47.70993100767154
-26.540479765276427 -32.72427685316709
-18.526130905018988 22.38887234508111
17.09776300594858 -42.77176093982137
4.293507426065823 -7.581232812230219
-29.39452762817555 36.09075200589099
3.6942689451761055 38.594046572382084
1.708864514201835 7.203058488026073
25.135493201048305 -14.972512504049377
-12.59413961510505 -6.618968103403645
48.52639091296098 23.97072161770147
-40.240923175063955 9.54370659781658
41.57806302688097 -24.82694224968257
47.16280716654914 23.550243260873202
-18.466316142455863 -7.717466157173902
34.613008202117214 -1.3457795551290772
45.4316301994364 28.923404673249564
7.9288971206831675 43.82464736159805
-4.451288952601239 -35.86142136989502
-4.953007500696238 -37.165901544740464
43.913804514607136 43.51747629734085
46.61440725259001 -24.722161125626396
-23.23707961226864 1.8549807372864677
-9.603457791582116 -49.88486615390156
29.28903012061481 -18.531077425409205
20.08870629141451 47.257082108139286
-47.82435305793895 45.68174088574227
-40.44435052056945 45.879798537451705
-31.29940482791178 0.6188837389698634
-32.13203388948379 46.637202238229676
-33.414844432595935 23.815072353982217
-28.250731516973403 -27.705058555074014
26.85723241736359 34.13397246600199
-43.48808876690122 41.84330651775183
24.078018916088723 33.45906403184476
-15.84365228859673 -11.86166964318749
0.4188395745388789 40.515822891657834
9.23656013755442 -35.90438402147902
27.04056017077349 -28.431621460291346
2.563492139993798 -32.604251783617826
8.794570850654907 4.900703562386823
-15.726787832761687 -1.8995509320129713
-23.065582302565513 -8.766379609378127
-2.168789279502384 -34.877840932866235
31.24830918265613 35.30248754539576
-23.489129229876006 -29.153542898248563
14.953963445729642 13.996667277093366
29.977135971227327 -19.85741585263997
-27.203412142595194 -36.9683459185036
-40.263400963338846 -36.159236084537994
43.56764480615966 20.873267472641658
-25.014015654816447 -44.120938478585714
-29.68085836172153 29.92499092941236
-22.514622696849752 4.778251616077597
40.278859130547644 18.65056736346979
-19.681077136898462 22.641867260234022
5.278175285475982 -5.014122529047896
7.334810836332004 42.112877433893786
11.297859768402255 42.90851364176237
-44.651241559269 -10.107510502472216
-28.146160098145202 27.159798168278
-42.31700191109064 1.3018788787871642
21.536021857946537 38.209771311492574
23.647613139076782 -26.0628674647168
-33.027415302854045 42.18203629475022
41.03562466188497 -41.83903869687714
-7.30465808061188 -23.445469661458983
-17.742684593773873 -20.96789402251381
-1.7177067569944882 -16.573831755536716
37.9846274303402 -14.169689442623188
-3.2333111794270337 -17.085791565054684
17.955027162836046 47.463784819738194
20.35365838825608 27.272464480014335
32.02985722027776 -12.770231599226243
-17.301324299485913 21.911121231441015
-35.87642538541359 -49.729332258743455
9.52683615227945 13.096332311833706
-44.4699564109603 6.423252781171499
20.799248912493113 9.580638096635177
-19.275335318652875 46.10691624209521
1.3078479254445838 18.70426219758889
39.82072244995207 -26.430418058346582
7.590972707466811 6.727792750746019
49.55584863851682 11.133862527783712
-26.59689601832683 18.18967158452614
47.26989394422432 -38.541328204808956
19.48670918689629 39.492474816048656
-0.7810786795971154 11.993587662853457
44.06441019702625 38.35940009053341
1.2269128645694423 48.09680264797532
-24.53131978310149 16.204292118856714
-40.257462142876854 -26.352609252792025
-29.849263997314257 -3.566972564648175
-37.27909703069241 -17.23582756969858
-25.97053736933391 49.7083686520741
39.86655990328043 -29.26454204024944
34.707918531162846 -10.820099825366036
49.333324170449444 40.43690111868327
43.77930116043339 -11.304082071552791
23.167141314984505 -33.445107374771595
37.979470688230606 14.433733241466086
41.403125450555564 -16.65398573091764
-31.10377614251496 -21.78972824017924
26.168868373477352 -12.335236989248664
36.98647644176933 -11.259064666841589
-39.33607510379823 -38.551326006512234
45.776006305696356 -34.22690731536107
21.178209824009457 -8.541030107604499
-22.289096943301047 36.85245787262261
-15.414148917799494 16.76163616368929
41.59078626080583 19.014607737983994
11.680670551189834 -48.79069604561083
-41.408459492495254 13.603649438158612
18.930957876831087 -33.75991345741506
7.442490337758201 -20.32071382393107
48.42256812055942 10.11665307969809
27.30059438652303 -37.09158548158461
3.4795021144719556 -46.5860583005524
24.571362265278125 -0.6080279426492368
-29.668162065443727 -43.17575012705052
3.745952565834898 -14.44999151740258
-36.36469577305338 40.869060102181194
2.0760225282072966 3.029355988403651
-36.09597499734484 36.42514034903901
4.0280754709296716 -4.698228574304039
2.887636792512879 17.61290058166054
18.270302516288353 48.726742239968715
-12.720658866258617 -9.552567323140792
16.88127020698485 -39.97953589729546
-4.0054204008427305 -14.623592405423011
0.8367594276360606 -35.82084013294663
37.1154941045277 30.652364837437304
21.55130475534432 -8.708221880519183
14.134493284711567 -13.09998888060528
8.349988013520658 36.316816149193954
11.70142771380155 -43.91388129720436
24.975030980232688 -17.169548566526302
29.305737652698 -44.499200641789706
-13.212355720045132 -38.32670792734743
25.78179109187974 27.681575738945085
-11.48922958009927 -37.5684182632596
-15.966083599413082 49.35340475752395
-2.594519571078294 -9.419410884154523
0.85082448394229 -27.71388010389979
11.933694068346902 -30.831384967132657
44.14814280675337 -43.23811958117844
13.530003865740511 21.430003856881257
-16.042823571773503 -46.54011480656045
47.16828314717348 -11.518285338070314
-11.875844699900838 -44.20453264216658
1.7485092761212258 47.113388255781814
-9.942405212476203 -8.512593261770732
-14.057880826770663 37.37767450165748
-38.3371873571267 -33.937448014839866
28.82707044787078 -34.22998393194755
-9.91563429193041 -22.780456120302162
48.48340303743586 -49.960517659457146
11.96360295300883 25.910833905425307
8.604002820510217 8.563839648476112
-23.038858549976872 -14.924152006046413
-10.630226363372984 29.677645932360903
-26.331764639231125 -36.10045064305459
32.30555498462819 41.30179533413984
-3.9771596051366913 11.031369784284607
-9.233487160159093 -24.314363540741514
-19.686464558111705 -27.600832983128132
-3.474341456015594 -19.797675918475832
-48.34471481113789 -4.104082436217595
39.235171045472185 -33.84744405321936
48.39699286905578 17.707070116176993
-4.249203833552848 -48.65543547151774
13.987552857856343 -34.45018896326657
32.77729457426483 -31.496081763693518
-39.99287094411119 27.522025025793795
-28.393867918333104 -21.498680329266396
-13.189173734464575 17.159908811576088
-1.6767564420228211 -37.02472177320164
33.66742455383802 47.97282697694307
35.733620290414876 47.316104307851404
-47.197835871543504 33.50848749270003
30.181765025775235 -30.566155135899166
8.976786137601792 34.170859606057206
-14.076906637565841 25.960978357395874
-12.467981676902838 -31.749485256074884
-48.03535003037496 19.026901673381886
24.289769282581887 -4.127075505835464
-24.53583449176152 -14.945283442426458
-10.44458396463719 6.839367535822426
27.45432682169043 -39.68398951658716
-14.851172143488256 -15.48033070331455
48.503533793266385 -8.306928274338745
-11.212199403467253 16.03015421743639
-12.187167853158407 41.581817825194136
28.063756358071686 22.927237469769324
15.23056572594443 -38.66250773167231
-35.34608131458881 -39.087087313023495
24.8801683497893 -24.110001153863703
-46.31107115234663 -45.93709792765818
4.279870281050904 24.397446416940042
-20.434613500855935 21.9865280519152
17.957178400860258 27.609089389479607
36.01448877047075 -42.957986941479554
-28.594905291041584 4.53467490990144
22.78249042025179 0.26351899409790747
-44.21112165842216 46.74771276042215
-44.73778301830885 -13.763878481981997
14.984748879365057 10.865857858733918
29.533578104452246 0.4241799742046197
44.65654015465883 24.496669761396134
5.76311825018967 9.976122685974708
41.666268849605004 3.5192087573478332
-29.738192814230324 -27.26028926573061
11.080469381295664 -35.685427851512344
46.29601705244532 28.939800392480194
-5.502085013449708 -32.63403005200032
-11.361937731561625 4.715957660502404
27.965198089265243 16.118471769648878
-27.904103251323832 12.339753194662592
-7.847234638441428 -22.025124768665105
28.010886075305223 -49.22510014729819
17.837589678478622 40.42317398006317
-48.90571044398994 -20.926588125008337
-16.626609391822733 -17.21277342876941
6.061038305117229 -39.65289434089541
19.372931834152723 11.886522511896914
38.379983709316136 -25.455600917389432
-47.834926289555135 18.820009474571393
-11.794141571142056 0.9977690184266947
24.987450359871062 17.26405405572197
-39.8568958827519 -15.601235334959952
12.837473210275817 -10.039378769767673
2.480659439901615 35.10780542585704
28.977024128665946 49.871735227078744
33.952884998274016 -23.82989688502888
-33.47644257961743 22.216938855652984
37.56274530265921 -36.60539764044647
36.999070880456344 17.367113025738107
-24.423160159623347 41.14051850019928
26.5243462502588 30.005535725492578
-43.32214823411067 43.348883637563446
25.46194652795178 -12.274755411045987
11.866026942811459 -5.859272024949291
17.832242279806593 -40.040927471333816
-48.92855466423774 -34.243836579268816
-26.632644120000858 -46.87953002036072
29.895013979639486 44.6445141479189
-47.54332289365654 -42.59903664997328
-42.82352787494141 -22.554586017361544
-17.196399874052013 27.730127378547337
-18.807071893270066 -22.906094011391907
-5.574595710499338 -21.674637932828155
24.530564092675007 -27.712569811599153
-0.4181470438775392 -49.86590342890077
-30.65870276400785 14.684416514507774
46.64672724258952 -41.788160665489606
24.568530028572937 -6.6610422237629265
-32.994775170368044 29.34344250127394
9.799938264365274 35.95386573397724
7.704452936523275 -48.48704910654569
12.058624344876513 24.96081652044549
-21.93133864321055 -38.86901807049853
23.205795800294126 -26.58230042489339
0.22062223522834046 -13.59350612492014
-12.519344774395314 28.296529734144087
-20.764294998270792 42.792141480243345
-17.025596829807434 43.86415300293123
11.889883190154393 -13.418583187500545
-15.966200374069416 48.17689987178953
23.391603475791968 -46.64683087925591
-28.76816389285447 -2.4563847156575562
-0.1402164678317206 27.748032019983285
35.24949820615768 18.313058871866644
-45.8511393275059 14.50890229317369
16.57117160740627 -18.980528123529883
19.84047854220782 -40.71365458500978
-13.246969248096988 44.442301847985505
6.140575369311975 -33.10150445565982
28.966314300096258 25.869989707771012
-35.15096565082284 -25.47040347090771
-12.23357866599347 -13.933696941160925
33.14295520478109 31.922649652653902
5.649365816804973 1.70785462732821
-18.504634840062284 45.65320374458291
-10.825179280900699 -39.82108874430943
-25.241858042220365 -18.767062436862446
39.26443666305363 11.66392694648848
-11.049283619681404 -36.004321597765625
21.741657750868697 49.78337670091997
10.533851304878695 -35.1042473333644
31.986855861429447 27.75539259737772
16.715498073849332 -28.628652468882542
34.067868206892214 47.24043424486729
-35.879628750065926 36.568286380843034
-49.27976822154252 -44.641709707011955
-49.7503120279016 -31.03847983457968
27.502787973796217 10.094145840206245
15.14260327522048 21.93451764445264
-43.0307284542608 37.67243459376513
49.181628905144464 -30.953030953962447
-44.521470467847045 -6.255801079251796
32.84718760037822 34.34644605349561
-24.808013362585857 27.745379877981023
-31.7874465813165 -33.51081824590362
34.17378677929827 15.056733288881759
-1.2236328462793225 -21.86277633565069
-39.61806270018937 -30.90049342201331
-33.832869399502115 29.879134242315615
0.6179814163795996 35.61382057639986
46.636069326024185 35.206020206685935
28.193848829563194 -24.307842368400223
47.812209210810835 -35.8421326205206
32.04886770853608 12.644580194184371
-41.36024082687956 43.505281168570676
37.50102599384694 44.253312872087264
-1.2142338001209794 -44.134735741680316
35.63458695939626 -9.449397433149166
-23.64456691727498 -9.027082906186969
26.92357577774503 20.182731349792633
-24.092039937233224 -27.264004327063297
-15.611946267360942 19.137751081913294
34.79484893016314 -10.182009641677006
-15.957114110271753 32.875475340595926
-28.615105582359522 -7.8064795869518235
-27.5235993144623 41.3346797447753
21.38411486534237 -6.227580556375287
-41.17109124538231 -31.462127481825107
-32.59559605017475 7.5260045355800145
-9.011355872082028 38.45446659317945
3.395949979636569 -0.5507861572095152
1.7038115786028953 29.392849172439668
-25.702336080951028 -34.531828777750704
-9.685615263672418 -23.678313269137462
45.33400628572734 -43.55353945164795
-37.82452709892773 -6.019306990864827
-45.99118335110995 -48.31214444203158
-36.594330300775944 -23.909915116125656
15.538464364140125 -35.58986489818537
-45.14955118622251 19.11716353113077
9.893048616410823 21.246294288676765
-48.34897660821876 -45.142211785181594
34.50929028342064 -21.763406870867495
-7.889544165726534 -1.200220719085408
-8.867182145343243 -45.72892813394868
-33.51351037400278 2.18490648476908
1.1886232135918107 -41.27819464489602
-29.085638655101555 38.18708323338056
-6.622040395691741 -14.525980067562294
4.22548682218661 8.326742720183091
1.8743350560681122 44.48892207251329
44.0750692978705 -9.228852089272522
5.962371032720917 -21.932822236155125
46.877801273143504 -2.018738532267193
14.030892621175312 -26.401254871195647
-1.4408355856878288 -23.029754630334686
-40.585855112462696 44.304253730188975
13.307395104996914 -42.920122566748454
-33.27461742207355 10.417620726307867
47.96049148703102 18.572980065897184
-13.837867777171276 35.40966531445514
-17.17984827769684 -28.185796594565417
-2.4977466116116815 -47.1847524780338
-4.791453601302287 15.062828582857065
5.067832928427961 -35.85781840356588
-34.691799343274866 -7.332359778866007
8.61904502453563 11.297963862256296
-18.422518480077066 -3.7015648697244927
-32.522826438012174 -0.019216241789322908
-30.455683422869363 -3.0772471019784504
28.42555068849623 33.57775009482344
-49.821391095755864 23.19623632706525
-20.504327111782338 33.49630108069043
35.38948233961925 -26.762592728708956
40.97133436037491 -19.737872302164618
-3.1827422479478784 -43.11071802467199
-2.717565336274241 43.58536599118115
-44.995416433636315 -13.96605983028342
11.769771547108363 -6.87407831853627
14.078903115645389 23.206967657569237
-8.784328465727711 4.422348830224706
-43.05425689222482 -7.806615902132897
-44.277346797661025 -32.9557466438463
30.560806990676298 19.891187525862904
-46.59729550282182 -31.22728901649762
35.310971242111606 -0.014538813684936258
38.62677302241467 -16.774101043108793
-29.661573876449708 6.07993775928459
-48.54693232269361 -0.3963872295741382
45.34954039592181 4.488080536181762
13.553866195033152 -41.59937147148979
34.5018118964214 46.659743186145974
21.314671477878903 16.427436715416178
25.7496004358739 -14.414355924791458
29.099360596806264 5.8236593848370575
1.747729731998291 15.423434479910853
-21.62020707434612 37.268304605594565
-17.344932137296887 -12.13329310420496
37.00936046856444 6.873005339955348
28.44138325991409 4.42497015137463
28.77020342709281 44.178196127337216
-5.893708688832419 -7.4863556930583215
-24.348506277733605 2.751711044048676
-27.421943661059313 26.040610546968054
9.447172506554978 -17.027793144955204
27.32313171259571 12.104169652295994
-22.255776825208684 19.72667773677192
11.885271322689391 44.724631727722695
-13.658928477255337 -27.735522874214503
